EXQG S  Z116   0  6  4  0  0  0.000                                          P  
                                                                                
     2    3 0.1526E+10 -8.796      8.974     -8.796     -8.974      0.000       
  0.000      0.000      0.000      0.000      0.000                             
                                                                                
                                                                                
                                                                                
                                                                                
                                                                                
                                                                                
                                                                                
                                                                                
                                                                                
