PMQG RR Z116 213  8  0  0  0  0.000                                             
                                                                                
   2.000  0.7000   400.0    -3.0.419E+07.727E+100.00       0.0000.00       0.000
0.00        0.000.00        0.000.00        0.000.00        0.000.00        0.00
.500E-02.700E-02.980E-02.140E-01.190E-01.270E-01.370E-01.520E-01.730E-01.100    
.513E-06.141E-05.386E-05.113E-04.281E-04.808E-04.208E-03.577E-03.160E-02.410E-02
 -90.802 -91.123 -91.572 -92.247 -93.050 -94.336 -95.947 -98.373-101.797-106.260
.140    .200    .280    .390    .550    .770    1.10    1.50    2.10    2.90    
.112E-01.325E-01.865E-01.210    .439    .733    1.11    1.53    2.15    2.98    
-113.042-123.690-138.798-160.272 172.235 147.536 128.733 117.699 109.462 103.970
4.10    5.80    8.10    11.0    16.0    22.0    31.0    43.0    60.0    85.0    
4.21    5.95    8.31    11.3    16.4    22.6    31.8    44.1    61.6    87.2    
  99.832  96.933  94.958  93.649  92.508  91.823  91.294  90.933  90.668  90.472
